Matthew,https://bosphilly.com/models/matthew/,https://bosphilly.com/wp-content/uploads/2021/12/matt_pink-768x952.png
William,https://bosphilly.com/models/william/,https://bosphilly.com/wp-content/uploads/2022/02/William_pink2-768x952.png
Paul,https://bosphilly.com/models/paul/,https://bosphilly.com/wp-content/uploads/2023/07/paul-pink-768x952.png
Trae,https://bosphilly.com/models/trae/,https://bosphilly.com/wp-content/uploads/2022/12/trae-768x953.png
Caleb,https://bosphilly.com/models/caleb/,https://bosphilly.com/wp-content/uploads/2021/12/caleb_pink-768x952.png
Beta,https://bosphilly.com/models/beta/,https://bosphilly.com/wp-content/uploads/2024/04/beta2.png
Brandon,https://bosphilly.com/models/brandon/,https://bosphilly.com/wp-content/uploads/2021/12/brandon_pink-768x952.png
Reis,https://bosphilly.com/models/reis/,https://bosphilly.com/wp-content/uploads/2022/12/reis_pink2-768x956.png
Ken,https://bosphilly.com/models/ken/,https://bosphilly.com/wp-content/uploads/2022/12/ken_pink2-768x953.png
Peter,https://bosphilly.com/models/peter/,https://bosphilly.com/wp-content/uploads/2022/12/peter_pink-768x952.png
Jesse,https://bosphilly.com/models/jesse/,https://bosphilly.com/wp-content/uploads/2021/12/jesse_pink-768x953.png
Isaias,https://bosphilly.com/models/isaias/,https://bosphilly.com/wp-content/uploads/2022/12/ilias_pink-768x952.png
Sidney,https://bosphilly.com/models/sidney/,https://bosphilly.com/wp-content/uploads/2023/02/sid_pink-768x952.png
